~~~~~ Let's Go Bowling ~~~~~
        1        2        3        4        5        6        7        8        9        10   
1   |   |   ||   |   ||   |   ||   |   ||   |   ||   |   ||   |   ||   |   ||   |   ||   |   | 0 |
    |       ||       ||       ||       ||       ||       ||       ||       ||       ||       |
2   |   |   ||   |   ||   |   ||   |   ||   |   ||   |   ||   |   ||   |   ||   |   ||   |   | 0 |
    |       ||       ||       ||       ||       ||       ||       ||       ||       ||       |
3   |   |   ||   |   ||   |   ||   |   ||   |   ||   |   ||   |   ||   |   ||   |   ||   |   | 0 |
    |       ||       ||       ||       ||       ||       ||       ||       ||       ||       |
4   |   |   ||   |   ||   |   ||   |   ||   |   ||   |   ||   |   ||   |   ||   |   ||   |   | 0 |
    |       ||       ||       ||       ||       ||       ||       ||       ||       ||       |

